4294967294,0
4294967279,135
4294967294,7
4294967294,6
4294967294,22
4294967278,454
4294967278,132
4294967278,131
4294967278,130
4294967278,129
4294967278,128
4294967278,127
4294967278,126
4294967278,125
4294967278,124
4294967278,123
4294967278,122
4294967278,121
4294967278,120
4294967278,119
4294967278,118
4294967278,117
4294967278,116
4294967278,115
4294967278,114
4294967278,113
4294967278,112
4294967278,111
4294967278,110
4294967278,109
4294967278,108
4294967278,107
4294967278,106
4294967278,105
4294967278,104
4294967278,103
4294967278,102
4294967278,101
4294967278,100
4294967278,99
4294967278,98
4294967278,97
4294967278,96
4294967278,95
4294967278,94
4294967278,93
4294967278,92
4294967278,91
4294967278,90
4294967278,89
4294967278,87
4294967278,86
4294967278,85
4294967278,84
4294967278,83
4294967278,82
4294967278,81
4294967278,80
4294967278,79
4294967278,78
4294967278,77
4294967278,76
4294967278,75
4294967278,74
4294967278,73
4294967278,72
4294967278,71
4294967278,70
4294967278,69
4294967278,68
4294967278,67
4294967278,66
4294967278,65
4294967278,64
4294967278,63
4294967278,0
4294967278,260
4294967279,85
4294967279,83
4294967279,76
4294967279,73
4294967279,72
4294967279,71
4294967279,68
4294967279,63
4294967279,59
4294967279,58
4294967279,56
4294967279,54
4294967279,49
4294967279,47
4294967279,45
4294967279,43
4294967279,41
4294967279,39
4294967279,37
4294967279,30
4294967279,28
4294967279,22
4294967279,20
4294967279,461
4294967279,17
4294967279,16
4294967279,268
4294967279,13
4294967279,11
4294967279,464
4294967279,9
4294967279,285
4294967279,7
4294967279,6
4294967279,5
4294967279,4
0,5
4294967279,19
2,2
2,4
4294967294,5
148,6
4294967294,479
4294967294,1424
4294967294,1423
148,5
148,4
148,3
148,2
148,1
4294967279,474
146,6
4294967279,215
4294967278,466
4294967294,478
4294967278,465
146,5
146,4
146,3
146,2
146,1
144,6
4294967278,336
4294967279,473
4294967279,472
144,5
144,4
144,3
144,2
144,1
4294967294,475
142,6
4294967278,464
142,5
142,4
142,3
142,2
142,1
4294967294,989
140,8
4294967279,471
4294967279,470
140,7
140,6
140,5
140,4
140,3
140,2
140,1
4294967278,325
136,4
136,3
136,2
136,1
135,4
135,3
135,2
135,1
4294967278,463
134,7
4294967278,298
134,6
134,5
134,4
134,3
134,2
134,1
131,6
4294967279,227
131,5
131,4
131,3
131,2
131,1
129,4
129,3
129,2
129,1
128,6
128,5
128,4
128,3
128,2
128,1
127,5
127,4
127,3
127,2
127,1
4294967294,430
126,4
126,3
126,2
126,1
4294967279,469
125,5
125,4
125,3
125,2
125,1
4294967279,468
4294967278,462
4294967279,467
4294967278,461
4294967279,466
4294967278,460
4294967294,472
4294967278,453
4294967293,131
4294967293,130
4294967293,129
4294967293,128
4294967293,127
4294967293,126
4294967293,125
4294967293,124
4294967293,123
4294967293,122
4294967293,121
4294967293,120
4294967293,119
4294967293,118
4294967293,117
4294967293,116
4294967293,115
4294967293,114
4294967293,113
4294967293,112
4294967293,111
4294967293,110
4294967293,109
4294967293,108
4294967293,107
4294967293,106
4294967293,105
4294967293,104
4294967293,103
4294967293,102
4294967293,101
4294967293,100
4294967293,99
4294967293,98
4294967293,97
4294967293,96
4294967293,95
4294967293,94
4294967293,93
4294967293,92
4294967293,91
4294967293,90
4294967293,89
4294967293,88
4294967293,87
4294967293,86
4294967293,85
4294967293,84
4294967293,83
4294967293,82
4294967293,81
4294967293,80
4294967293,79
4294967293,78
4294967293,77
4294967293,76
4294967293,75
4294967293,74
4294967293,73
4294967293,72
4294967293,71
4294967293,70
4294967293,69
4294967293,68
4294967293,67
4294967293,66
4294967293,65
4294967293,64
4294967293,63
4294967293,62
4294967293,61
4294967293,60
4294967293,59
4294967293,58
4294967293,57
4294967293,56
4294967293,55
4294967293,54
4294967293,53
4294967293,52
4294967293,51
4294967293,50
4294967293,49
4294967293,48
4294967293,47
4294967293,46
4294967293,45
4294967293,44
4294967293,43
4294967293,42
4294967293,41
4294967293,40
4294967293,39
4294967293,38
4294967293,37
4294967293,36
4294967293,35
4294967293,34
4294967293,33
4294967293,32
4294967293,31
4294967293,30
4294967293,29
4294967293,28
4294967293,27
4294967293,26
4294967293,25
4294967293,24
4294967293,23
4294967293,22
4294967293,21
4294967293,20
4294967293,19
4294967293,18
4294967293,17
